1.2003 200; 1.2006 200; 1.2009 200; 1.2012 200; 1.2015 200; 1.2018 200; 1.2021 200; 1.2024 200; 1.2027 200; 1.2030 200; \
1.2033 200; 1.2036 200; 1.2039 200; 1.2042 200; 1.2045 200; 1.2048 200; 1.2051 200; 1.2054 200; 1.2057 200; 1.2060 200; \
1.2063 200; 1.2066 200; 1.2069 200; 1.2072 200; 1.2075 200; 1.2078 200; 1.2081 200; 1.2084 200; 1.2087 200; 1.2090 200; \
1.2093 200; 1.2096 200; 1.2099 200; 1.2102 200; 1.2105 200; 1.2108 200; 1.2111 200; 1.2114 200; 1.2117 200; 1.2120 200; \
1.2123 200; 1.2126 200; 1.2129 200; 1.2132 200; 1.2135 200; 1.2138 200; 1.2141 200; 1.2144 200; 1.2147 200; 1.2150 200; \
1.2153 200; 1.2156 200; 1.2159 200; 1.2162 200; 1.2165 200; 1.2168 200; 1.2171 200; 1.2174 200; 1.2177 200; 1.2180 200; \
1.2183 200; 1.2186 200; 1.2189 200; 1.2192 200; 1.2195 200; 1.2198 200; 1.2201 200; 1.2204 200; 1.2207 200; 1.2210 200; \
1.2213 200; 1.2216 200; 1.2219 200; 1.2222 200; 1.2225 200; 1.2228 200; 1.2231 200; 1.2234 200; 1.2237 200; 1.2240 200; \
1.2243 200; 1.2246 200; 1.2249 200; 1.2252 200; 1.2255 200; 1.2258 200; 1.2261 200; 1.2264 200; 1.2267 200; 1.2270 200; \
1.2273 200; 1.2276 200; 1.2279 200; 1.2282 200; 1.2285 200; 1.2288 200; 1.2291 200; 1.2294 200; 1.2297 200; 1.2300 200; \
1.2303 200; 1.2306 200; 1.2309 200; 1.2312 200; 1.2315 200; 1.2318 200; 1.2321 200; 1.2324 200; 1.2327 200; 1.2330 200; \
1.2333 200; 1.2336 200; 1.2339 200; 1.2342 200; 1.2345 200; 1.2348 200; 1.2351 200; 1.2354 200; 1.2357 200; 1.2360 200; \
1.2363 200; 1.2366 200; 1.2369 200; 1.2372 200; 1.2375 200; 1.2378 200; 1.2381 200; 1.2384 200; 1.2387 200; 1.2390 200; \
1.2393 200; 1.2396 200; 1.2399 200; 1.2402 200; 1.2405 200; 1.2408 200; 1.2411 200; 1.2414 200; 1.2417 200; 1.2420 200; \
1.2423 200; 1.2426 200; 1.2429 200; 1.2432 200; 1.2435 200; 1.2438 200; 1.2441 200; 1.2444 200; 1.2447 200; 1.2450 200; \
1.2453 200; 1.2456 200; 1.2459 200; 1.2462 200; 1.2465 200; 1.2468 200; 1.2471 200; 1.2474 200; 1.2477 200; 1.2480 200; \
1.2483 200; 1.2486 200; 1.2489 200; 1.2492 200; 1.2495 200; 1.2498 200; 1.2501 200; 1.2504 200; 1.2507 200; 1.2510 200; \
1.2513 200; 1.2516 200; 1.2519 200; 1.2522 200; 1.2525 200; 1.2528 200; 1.2531 200; 1.2534 200; 1.2537 200; 1.2540 200; \
1.2543 200; 1.2546 200; 1.2549 200; 1.2552 200; 1.2555 200; 1.2558 200; 1.2561 200; 1.2564 200; 1.2567 200; 1.2570 200; \
1.2573 200; 1.2576 200; 1.2579 200; 1.2582 200; 1.2585 200; 1.2588 200; 1.2591 200; 1.2594 200; 1.2597 200; 1.2600 200; \
1.2603 200; 1.2606 200; 1.2609 200; 1.2612 200; 1.2615 200; 1.2618 200; 1.2621 200; 1.2624 200; 1.2627 200; 1.2630 200; \
1.2633 200; 1.2636 200; 1.2639 200; 1.2642 200; 1.2645 200; 1.2648 200; 1.2651 200; 1.2654 200; 1.2657 200; 1.2660 200; \
1.2663 200; 1.2666 200; 1.2669 200; 1.2672 200; 1.2675 200; 1.2678 200; 1.2681 200; 1.2684 200; 1.2687 200; 1.2690 200; \
1.2693 200; 1.2696 200; 1.2699 200; 1.2702 200; 1.2705 200; 1.2708 200; 1.2711 200; 1.2714 200; 1.2717 200; 1.2720 200; \
1.2723 200; 1.2726 200; 1.2729 200; 1.2732 200; 1.2735 200; 1.2738 200; 1.2741 200; 1.2744 200; 1.2747 200; 1.2750 200; \
1.2753 200; 1.2756 200; 1.2759 200; 1.2762 200; 1.2765 200; 1.2768 200; 1.2771 200; 1.2774 200; 1.2777 200; 1.2780 200; \
1.2783 200; 1.2786 200; 1.2789 200; 1.2792 200; 1.2795 200; 1.2798 200; 1.2801 200; 1.2804 200; 1.2807 200; 1.2810 200; \
1.2813 200; 1.2816 200; 1.2819 200; 1.2822 200; 1.2825 200; 1.2828 200; 1.2831 200; 1.2834 200; 1.2837 200; 1.2840 200; \
1.2843 200; 1.2846 200; 1.2849 200; 1.2852 200; 1.2855 200; 1.2858 200; 1.2861 200; 1.2864 200; 1.2867 200; 1.2870 200; \
1.2873 200; 1.2876 200; 1.2879 200; 1.2882 200; 1.2885 200; 1.2888 200; 1.2891 200; 1.2894 200; 1.2897 200; 1.2900 200; \
1.2903 200; 1.2906 200; 1.2909 200; 1.2912 200; 1.2915 200; 1.2918 200; 1.2921 200; 1.2924 200; 1.2927 200; 1.2930 200; \
1.2933 200; 1.2936 200; 1.2939 200; 1.2942 200; 1.2945 200; 1.2948 200; 1.2951 200; 1.2954 200; 1.2957 200; 1.2960 200; \
1.2963 200; 1.2966 200; 1.2969 200; 1.2972 200; 1.2975 200; 1.2978 200; 1.2981 200; 1.2984 200; 1.2987 200; 1.2990 200; \
1.2993 200; 1.2996 200; 1.2999 200; 1.3002 200; 1.3005 200; 1.3008 200; 1.3011 200; 1.3014 200; 1.3017 200; 1.3020 200; \
1.3023 200; 1.3026 200; 1.3029 200; 1.3032 200; 1.3035 200; 1.3038 200; 1.3041 200; 1.3044 200; 1.3047 200; 1.3050 200; \
1.3053 200; 1.3056 200; 1.3059 200; 1.3062 200; 1.3065 200; 1.3068 200; 1.3071 200; 1.3074 200; 1.3077 200; 1.3080 200; \
1.3083 200; 1.3086 200; 1.3089 200; 1.3092 200; 1.3095 200; 1.3098 200; 1.3101 200; 1.3104 200; 1.3107 200; 1.3110 200; \
1.3113 200; 1.3116 200; 1.3119 200; 1.3122 200; 1.3125 200; 1.3128 200; 1.3131 200; 1.3134 200; 1.3137 200; 1.3140 200; \
1.3143 200; 1.3146 200; 1.3149 200; 1.3152 200; 1.3155 200; 1.3158 200; 1.3161 200; 1.3164 200; 1.3167 200; 1.3170 200; \
1.3173 200; 1.3176 200; 1.3179 200; 1.3182 200; 1.3185 200; 1.3188 200; 1.3191 200; 1.3194 200; 1.3197 200; 1.3200 200; \
1.3203 200; 1.3206 200; 1.3209 200; 1.3212 200; 1.3215 200; 1.3218 200; 1.3221 200; 1.3224 200; 1.3227 200; 1.3230 200; \
1.3233 200; 1.3236 200; 1.3239 200; 1.3242 200; 1.3245 200; 1.3248 200; 1.3251 200; 1.3254 200; 1.3257 200; 1.3260 200; \
1.3263 200; 1.3266 200; 1.3269 200; 1.3272 200; 1.3275 200; 1.3278 200; 1.3281 200; 1.3284 200; 1.3287 200; 1.3290 200; \
1.3293 200; 1.3296 200; 1.3299 200; 1.3302 200; 1.3305 200; 1.3308 200; 1.3311 200; 1.3314 200; 1.3317 200; 1.3320 200; \
1.3323 200; 1.3326 200; 1.3329 200; 1.3332 200; 1.3335 200; 1.3338 200; 1.3341 200; 1.3344 200; 1.3347 200; 1.3350 200; \
1.3353 200; 1.3356 200; 1.3359 200; 1.3362 200; 1.3365 200; 1.3368 200; 1.3371 200; 1.3374 200; 1.3377 200; 1.3380 200; \
1.3383 200; 1.3386 200; 1.3389 200; 1.3392 200; 1.3395 200; 1.3398 200; 1.3401 200; 1.3404 200; 1.3407 200; 1.3410 200; \
1.3413 200; 1.3416 200; 1.3419 200; 1.3422 200; 1.3425 200; 1.3428 200; 1.3431 200; 1.3434 200; 1.3437 200; 1.3440 200; \
1.3443 200; 1.3446 200; 1.3449 200; 1.3452 200; 1.3455 200; 1.3458 200; 1.3461 200; 1.3464 200; 1.3467 200; 1.3470 200; \
1.3473 200; 1.3476 200; 1.3479 200; 1.3482 200; 1.3485 200; 1.3488 200; 1.3491 200; 1.3494 200; 1.3497 200; 1.3500 200; \
1.3503 200; 1.3506 200; 1.3509 200; 1.3512 200; 1.3515 200; 1.3518 200; 1.3521 200; 1.3524 200; 1.3527 200; 1.3530 200; \
1.3533 200; 1.3536 200; 1.3539 200; 1.3542 200; 1.3545 200; 1.3548 200; 1.3551 200; 1.3554 200; 1.3557 200; 1.3560 200; \
1.3563 200; 1.3566 200; 1.3569 200; 1.3572 200; 1.3575 200; 1.3578 200; 1.3581 200; 1.3584 200; 1.3587 200; 1.3590 200; \
1.3593 200; 1.3596 200; 1.3599 200; 1.3602 200; 1.3605 200; 1.3608 200; 1.3611 200; 1.3614 200; 1.3617 200; 1.3620 200; \
1.3623 200; 1.3626 200; 1.3629 200; 1.3632 200; 1.3635 200; 1.3638 200; 1.3641 200; 1.3644 200; 1.3647 200; 1.3650 200; \
1.3653 200; 1.3656 200; 1.3659 200; 1.3662 200; 1.3665 200; 1.3668 200; 1.3671 200; 1.3674 200; 1.3677 200; 1.3680 200; \
1.3683 200; 1.3686 200; 1.3689 200; 1.3692 200; 1.3695 200; 1.3698 200; 1.3701 200; 1.3704 200; 1.3707 200; 1.3710 200; \
1.3713 200; 1.3716 200; 1.3719 200; 1.3722 200; 1.3725 200; 1.3728 200; 1.3731 200; 1.3734 200; 1.3737 200; 1.3740 200; \
1.3743 200; 1.3746 200; 1.3749 200; 1.3752 200; 1.3755 200; 1.3758 200; 1.3761 200; 1.3764 200; 1.3767 200; 1.3770 200; \
1.3773 200; 1.3776 200; 1.3779 200; 1.3782 200; 1.3785 200; 1.3788 200; 1.3791 200; 1.3794 200; 1.3797 200; 1.3800 200; \
1.3803 200; 1.3806 200; 1.3809 200; 1.3812 200; 1.3815 200; 1.3818 200; 1.3821 200; 1.3824 200; 1.3827 200; 1.3830 200; \
1.3833 200; 1.3836 200; 1.3839 200; 1.3842 200; 1.3845 200; 1.3848 200; 1.3851 200; 1.3854 200; 1.3857 200; 1.3860 200; \
1.3863 200; 1.3866 200; 1.3869 200; 1.3872 200; 1.3875 200; 1.3878 200; 1.3881 200; 1.3884 200; 1.3887 200; 1.3890 200; \
1.3893 200; 1.3896 200; 1.3899 200; 1.3902 200; 1.3905 200; 1.3908 200; 1.3911 200; 1.3914 200; 1.3917 200; 1.3920 200; \
1.3923 200; 1.3926 200; 1.3929 200; 1.3932 200; 1.3935 200; 1.3938 200; 1.3941 200; 1.3944 200; 1.3947 200; 1.3950 200; \
1.3953 200; 1.3956 200; 1.3959 200; 1.3962 200; 1.3965 200; 1.3968 200; 1.3971 200; 1.3974 200; 1.3977 200; 1.3980 200; \
1.3983 200; 1.3986 200; 1.3989 200; 1.3992 200; 1.3995 200; 1.3998 200; 1.4001 200; 1.4004 200; 1.4007 200; 1.4010 200; \
1.4013 200; 1.4016 200; 1.4019 200; 1.4022 200; 1.4025 200; 1.4028 200; 1.4031 200; 1.4034 200; 1.4037 200; 1.4040 200; \
1.4043 200; 1.4046 200; 1.4049 200; 1.4052 200; 1.4055 200; 1.4058 200; 1.4061 200; 1.4064 200; 1.4067 200; 1.4070 200; \
1.4073 200; 1.4076 200; 1.4079 200; 1.4082 200; 1.4085 200; 1.4088 200; 1.4091 200; 1.4094 200; 1.4097 200; 